kinematics:
  shoulder:
    x: 0
    y: 0
    z: 0.08923417156105945
    roll: -0
    pitch: 0
    yaw: 3.736815210750168e-05
  upper_arm:
    x: 0.0001140136588972661
    y: 0
    z: 0
    roll: 1.570555483570351
    pitch: 0
    yaw: -6.921567641849599e-06
  forearm:
    x: -0.4250388392269737
    y: 0
    z: 0
    roll: 3.141528738267066
    pitch: 3.140994420733966
    yaw: -3.141516989095671
  wrist_1:
    x: -0.3923329900497623
    y: -0.001178830850222154
    z: 0.1104831948932459
    roll: 0.0106693703065271
    pitch: 0.0009063547985372915
    yaw: 3.807830299606611e-05
  wrist_2:
    x: 4.030099963375998e-05
    y: -0.09484057267736658
    z: 5.873997196028408e-05
    roll: 1.570176971989341
    pitch: 0
    yaw: -1.797118835789552e-05
  wrist_3:
    x: 4.465628838308927e-05
    y: 0.08253995206873677
    z: 5.639077247836597e-05
    roll: 1.571479520355003
    pitch: 3.141592653589793
    yaw: 3.14155113487872
  hash: calib_13055998500949796700